[15, None, None, 4]
[2, 24000, 16000, 8000]
[6, 8000, None, 16003]
[18, None, None, None]
[21, 32000, None, 64000]
[22, 32000, None, 64001]
[23, 32000, None, 64002]
[24, 32000, None, 64003]
[21, 33000, None, 64004]
[25, 33000, None, 64005]
[21, 34000, None, 64006]
[23, 34000, None, 64007]
[26, 34000, None, 64008]
[21, 35000, None, 64009]
[22, 35000, None, 64010]
[20, 35000, None, 64011]
[27, 35000, None, 64012]
[21, 36000, None, 64013]
[28, 36000, None, 64014]
[21, 39000, None, 64015]
[20, 39000, None, 64016]
[29, 39000, None, 64017]
[21, 38000, None, 64018]
[30, 38000, None, 64019]
[21, 37000, None, 64020]
[31, 37000, None, 64021]
[16, None, None, 65000]
